

%PX =[1 2 3 1 4 5 3 2 1 0 -1 1 2 3 4 5];
%PY =[-1 2 6 0 1 2 -1 1 2 1 1 2 3 2 3 4];
%PZ =[2 1 1 4 3 2 3 2 0 1 2 3 1 2 4 -1];

PX =[0 1 2 4];
PY =[1 3 -1 0];

dimension = 2;

outputNodes = 250;